60
0.28065884049419465 0.7634144226757827 0.00429914134598175 0.5216851498002124 0.4398763332739247 0.5704012494314009 0.9465804024551063 0.5134541377161899 0.6936180495771455 0.8823517557297301 0.5378794402577062 0.617058731170587 0.989250086731707 0.28840457676365716 0.889009928125539 0.5869401927969692 0.6812962480037952 0.10228717728037062 0.8022328429120217 0.5419506467374561 0.2979829400467542 0.5660830239472541 0.8395294297297036 0.253157474097637 0.21682622113551842 0.7611265970717757 0.7979792416950193 0.4312002281608174 0.7608855298909356 0.47852319949563127 0.23063157584842153 0.5030758584294386 0.8561893872374596 0.18420696164934425 0.9349953188310804 0.7356008061349738 0.018026949850515117 0.13390841851435498 0.27436146664151995 0.3867724698243 0.8493034835815373 0.5981038647307919 0.3785740646452196 0.16107959109742365 0.48074012013929346 0.7224463020613325 0.9952060771173594 0.5913267798685241 0.33177141169553515 0.7064379088961167 0.846545846148043 0.26457704495327117 0.9532963641281565 0.7246700081548246 0.03200875507256373 0.49961527691209096 0.3373640256080892 0.6334811488239603 0.10131709080639695 0.4988858553119847
18 18 8 18 48 16 6 44 20 12 19 46 24 26 31 13 46 40 31 8 16 32 20 33 13 21 41 10 40 29 31 32 40 20 14 12 40 42 26 50 41 34 43 21 19 29 6 44 20 17 24 25 34 21 34 48 43 48 26 15
0 9 9 7 3 7 2 7 3 8 6 5 7 9 8 2 8 2 6 2 1 3 3 7 5 6 8 2 7 4 6 9 7 8 8 7 2 5 1 2 7 3 9 6 8 4 2 1 2 8 8 8 3 4 7 4 7 2 6 3
9 0 1 8 2 3 1 2 9 6 7 8 8 3 6 6 1 9 8 6 6 5 6 9 9 1 7 5 2 9 5 8 1 1 3 5 2 4 9 4 7 7 9 5 7 5 5 5 3 4 8 2 6 6 4 4 1 5 9 1
9 1 0 5 8 2 3 7 6 7 8 5 9 5 5 4 9 8 9 1 2 6 7 8 5 7 1 3 4 8 7 1 6 6 5 2 9 7 8 8 1 8 9 1 4 7 5 6 7 2 5 4 6 1 4 9 7 1 8 8
7 8 5 0 1 6 6 5 6 8 1 7 9 5 7 6 5 7 2 2 5 4 3 4 5 5 4 4 8 7 8 4 5 2 8 4 8 1 3 7 8 9 3 4 9 8 7 1 8 9 3 8 6 4 6 1 7 5 2 8
3 2 8 1 0 6 2 1 7 7 8 5 2 2 1 4 4 6 5 4 7 7 3 9 4 2 3 4 5 4 7 3 4 5 2 4 2 2 2 1 6 8 8 1 1 2 7 5 4 8 9 5 8 6 1 3 5 5 9 4
7 3 2 6 6 0 6 4 2 3 3 4 4 6 8 5 9 3 2 9 6 8 3 9 8 3 2 4 9 5 6 9 3 6 4 7 1 5 6 8 5 2 2 2 2 7 5 2 9 5 5 5 2 4 1 9 1 9 5 8
2 1 3 6 2 6 0 3 7 9 7 5 9 9 3 9 4 8 9 2 5 4 1 4 8 8 9 7 5 1 1 9 6 2 9 7 2 5 7 5 4 4 8 4 3 8 3 5 4 9 1 5 3 2 9 6 8 9 3 6
7 2 7 5 1 4 3 0 1 7 2 6 4 9 7 3 5 1 6 8 2 9 3 1 9 9 5 3 1 7 3 5 5 7 8 2 4 7 5 1 4 9 2 2 6 2 5 9 8 2 4 7 1 8 5 7 2 3 7 6
3 9 6 6 7 2 7 1 0 5 5 9 2 9 7 1 8 1 5 4 3 2 2 4 3 7 1 7 6 9 9 9 7 5 8 2 8 3 9 5 2 5 9 1 9 7 2 1 1 1 2 8 1 5 8 7 1 2 5 5
8 6 7 8 7 3 9 7 5 0 4 1 5 6 6 2 5 6 1 4 2 8 2 2 4 8 1 6 6 8 1 6 8 5 5 4 9 4 6 5 2 8 1 1 9 8 5 5 1 1 4 5 1 9 4 6 6 6 3 5
6 7 8 1 8 3 7 2 5 4 0 1 9 3 6 2 7 2 1 3 3 1 4 9 7 1 1 7 6 5 2 4 3 7 5 2 2 7 1 5 3 8 7 6 4 8 7 1 8 4 9 8 5 8 9 2 7 3 3 5
5 8 5 7 5 4 5 6 9 1 1 0 4 8 5 1 1 3 1 6 3 1 1 9 5 4 1 3 6 6 9 1 3 9 2 6 8 3 1 3 5 3 7 2 6 1 3 3 7 7 5 6 9 2 6 3 3 7 5 2
7 8 9 9 2 4 9 4 2 5 9 4 0 5 6 5 9 5 6 7 1 4 8 1 4 6 5 7 5 8 7 8 5 6 4 9 3 5 9 3 3 1 9 3 4 3 8 7 8 2 3 5 3 6 2 9 6 1 4 1
9 3 5 5 2 6 9 9 9 6 3 8 5 0 2 4 2 9 3 2 5 7 4 5 5 6 4 6 1 8 8 3 2 6 8 1 4 1 9 8 2 5 1 8 1 6 5 8 2 9 2 7 7 8 1 3 6 7 5 5
8 6 5 7 1 8 3 7 7 6 6 5 6 2 0 7 3 6 7 4 6 4 5 8 5 6 5 1 6 1 3 3 6 6 4 4 5 2 9 3 2 8 1 8 2 2 4 6 6 9 1 4 2 7 5 7 4 9 2 2
2 6 4 6 4 5 9 3 1 2 2 1 5 4 7 0 8 9 4 4 3 6 6 1 1 7 3 1 1 9 8 8 7 3 9 1 1 4 2 4 8 9 8 8 7 5 4 8 2 5 4 8 5 8 5 7 4 5 5 9
8 1 9 5 4 9 4 5 8 5 7 1 9 2 3 8 0 3 5 4 4 9 5 1 1 2 1 6 9 5 5 5 2 6 6 5 3 8 9 7 8 9 1 8 8 3 4 1 3 6 3 4 7 8 8 9 2 6 4 3
2 9 8 7 6 3 8 1 1 6 2 3 5 9 6 9 3 0 9 4 5 7 3 8 2 9 7 9 5 4 9 2 2 4 6 5 3 3 3 3 5 9 7 7 9 1 1 2 7 3 1 4 4 3 8 9 9 4 7 7
6 8 9 2 5 2 9 6 5 1 1 1 6 3 7 4 5 9 0 3 3 6 2 5 4 3 7 5 4 7 8 6 8 3 2 6 9 5 4 3 4 1 9 9 9 5 5 2 9 7 7 8 3 7 1 5 5 3 5 9
2 6 1 2 4 9 2 8 4 4 3 6 7 2 4 4 4 4 3 0 6 5 6 3 8 6 2 6 2 3 5 9 5 6 7 5 5 5 1 7 5 4 2 6 5 9 1 8 2 1 1 6 4 3 8 5 1 8 6 3
1 6 2 5 7 6 5 2 3 2 3 3 1 5 6 3 4 5 3 6 0 1 1 1 5 2 4 6 5 8 6 9 9 9 8 3 4 4 4 3 9 3 2 5 4 3 1 1 9 1 4 6 2 7 6 6 2 2 9 8
3 5 6 4 7 8 4 9 2 8 1 1 4 7 4 6 9 7 6 5 1 0 7 4 5 1 3 1 5 7 4 4 4 8 4 6 9 1 1 3 8 8 4 5 2 8 2 8 3 8 3 8 1 7 3 9 8 3 2 9
3 6 7 3 3 3 1 3 2 2 4 1 8 4 5 6 5 3 2 6 1 7 0 9 2 3 6 8 3 1 8 6 8 1 8 9 9 5 3 8 6 7 7 2 4 4 9 7 2 4 2 2 3 2 4 2 4 7 3 6
7 9 8 4 9 9 4 1 4 2 9 9 1 5 8 1 1 8 5 3 1 4 9 0 7 2 3 6 9 7 3 4 5 2 4 1 5 2 7 2 4 3 5 3 5 1 4 4 3 6 3 8 7 7 1 9 2 6 9 9
5 9 5 5 4 8 8 9 3 4 7 5 4 5 5 1 1 2 4 8 5 5 2 7 0 2 9 8 8 6 2 6 5 6 5 5 6 7 2 8 2 8 6 2 4 1 6 7 8 8 6 6 3 4 9 6 1 2 3 6
6 1 7 5 2 3 8 9 7 8 1 4 6 6 6 7 2 9 3 6 2 1 3 2 2 0 4 9 3 7 2 6 4 3 2 6 4 7 6 3 4 8 4 4 8 5 5 1 7 3 2 3 4 4 8 4 3 8 3 5
8 7 1 4 3 2 9 5 1 1 1 1 5 4 5 3 1 7 7 2 4 3 6 3 9 4 0 5 1 7 1 6 9 1 6 3 4 6 4 6 5 6 1 4 6 8 4 8 3 8 4 3 3 1 6 2 4 2 4 3
2 5 3 4 4 4 7 3 7 6 7 3 7 6 1 1 6 9 5 6 6 1 8 6 8 9 5 0 6 7 7 3 4 3 5 3 1 7 2 6 7 1 1 5 2 7 7 9 5 3 2 5 8 3 1 5 8 2 4 1
7 2 4 8 5 9 5 1 6 6 6 6 5 1 6 1 9 5 4 2 5 5 3 9 8 3 1 6 0 8 7 6 5 9 7 9 8 7 5 1 6 1 8 6 2 7 4 7 2 5 7 4 9 9 4 2 4 3 7 1
4 9 8 7 4 5 1 7 9 8 5 6 8 8 1 9 5 4 7 3 8 7 1 7 6 7 7 7 8 0 5 6 8 7 3 7 4 3 5 7 3 3 6 9 8 8 8 7 1 3 2 2 2 8 6 7 9 9 8 1
6 5 7 8 7 6 1 3 9 1 2 9 7 8 3 8 5 9 8 5 6 4 8 3 2 2 1 7 7 5 0 1 9 2 8 3 9 4 8 6 4 5 3 3 5 7 9 8 8 8 5 5 9 9 1 6 9 1 5 9
9 8 1 4 3 9 9 5 9 6 4 1 8 3 3 8 5 2 6 9 9 4 6 4 6 6 6 3 6 6 1 0 7 3 6 8 1 3 1 2 9 7 4 3 9 2 3 5 9 6 4 1 1 6 7 4 1 2 5 3
7 1 6 5 4 3 6 5 7 8 3 3 5 2 6 7 2 2 8 5 9 4 8 5 5 4 9 4 5 8 9 7 0 6 4 2 1 4 8 3 5 3 8 5 4 4 6 1 7 4 7 3 7 4 1 2 6 8 3 9
8 1 6 2 5 6 2 7 5 5 7 9 6 6 6 3 6 4 3 6 9 8 1 2 6 3 1 3 9 7 2 3 6 0 7 7 3 6 4 2 3 3 4 9 3 3 9 6 5 1 1 1 5 5 8 4 3 4 7 4
8 3 5 8 2 4 9 8 8 5 5 2 4 8 4 9 6 6 2 7 8 4 8 4 5 2 6 5 7 3 8 6 4 7 0 9 5 8 8 9 8 5 2 5 6 3 2 9 3 7 1 4 8 8 4 1 1 2 4 6
7 5 2 4 4 7 7 2 2 4 2 6 9 1 4 1 5 5 6 5 3 6 9 1 5 6 3 3 9 7 3 8 2 7 9 0 1 3 4 8 8 6 6 9 4 6 5 5 6 5 4 8 4 4 2 7 8 2 6 8
2 2 9 8 2 1 2 4 8 9 2 8 3 4 5 1 3 3 9 5 4 9 9 5 6 4 4 1 8 4 9 1 1 3 5 1 0 5 2 9 9 9 8 2 7 5 9 7 6 3 1 6 2 6 3 4 5 8 3 6
5 4 7 1 2 5 5 7 3 4 7 3 5 1 2 4 8 3 5 5 4 1 5 2 7 7 6 7 7 3 4 3 4 6 8 3 5 0 7 5 4 3 6 1 7 8 2 1 4 3 5 7 1 2 8 5 6 3 4 9
1 9 8 3 2 6 7 5 9 6 1 1 9 9 9 2 9 3 4 1 4 1 3 7 2 6 4 2 5 5 8 1 8 4 8 4 2 7 0 7 3 8 7 3 2 8 2 2 5 7 4 4 7 2 3 6 5 9 4 7
2 4 8 7 1 8 5 1 5 5 5 3 3 8 3 4 7 3 3 7 3 3 8 2 8 3 6 6 1 7 6 2 3 2 9 8 9 5 7 0 1 8 9 5 8 5 2 5 6 8 6 9 1 1 2 2 1 3 4 1
7 7 1 8 6 5 4 4 2 2 3 5 3 2 2 8 8 5 4 5 9 8 6 4 2 4 5 7 6 3 4 9 5 3 8 8 9 4 3 1 0 4 4 6 3 7 6 1 8 4 5 5 6 9 5 2 6 5 2 7
3 7 8 9 8 2 4 9 5 8 8 3 1 5 8 9 9 9 1 4 3 8 7 3 8 8 6 1 1 3 5 7 3 3 5 6 9 3 8 8 4 0 3 4 8 7 1 5 2 7 4 9 3 8 9 1 1 2 7 4
9 9 9 3 8 2 8 2 9 1 7 7 9 1 1 8 1 7 9 2 2 4 7 5 6 4 1 1 8 6 3 4 8 4 2 6 8 6 7 9 4 3 0 1 3 2 4 9 8 3 7 5 7 9 1 5 2 1 2 2
6 5 1 4 1 2 4 2 1 1 6 2 3 8 8 8 8 7 9 6 5 5 2 3 2 4 4 5 6 9 3 3 5 9 5 9 2 1 3 5 6 4 1 0 4 9 4 1 7 8 7 7 9 6 2 3 5 9 4 1
8 7 4 9 1 2 3 6 9 9 4 6 4 1 2 7 8 9 9 5 4 2 4 5 4 8 6 2 2 8 5 9 4 3 6 4 7 7 2 8 3 8 3 4 0 2 2 2 7 7 1 4 1 6 1 8 1 9 5 5
4 5 7 8 2 7 8 2 7 8 8 1 3 6 2 5 3 1 5 9 3 8 4 1 1 5 8 7 7 8 7 2 4 3 3 6 5 8 8 5 7 7 2 9 2 0 1 8 8 7 4 7 5 3 3 8 8 1 5 4
2 5 5 7 7 5 3 5 2 5 7 3 8 5 4 4 4 1 5 1 1 2 9 4 6 5 4 7 4 8 9 3 6 9 2 5 9 2 2 2 6 1 4 4 2 1 0 4 8 2 7 8 3 9 6 7 1 5 8 8
1 5 6 1 5 2 5 9 1 5 1 3 7 8 6 8 1 2 2 8 1 8 7 4 7 1 8 9 7 7 8 5 1 6 9 5 7 1 2 5 1 5 9 1 2 8 4 0 7 5 9 1 2 2 4 8 3 8 2 1
2 3 7 8 4 9 4 8 1 1 8 7 8 2 6 2 3 7 9 2 9 3 2 3 8 7 3 5 2 1 8 9 7 5 3 6 6 4 5 6 8 2 8 7 7 8 8 7 0 5 9 7 6 9 3 8 7 5 2 8
8 4 2 9 8 5 9 2 1 1 4 7 2 9 9 5 6 3 7 1 1 8 4 6 8 3 8 3 5 3 8 6 4 1 7 5 3 3 7 8 4 7 3 8 7 7 2 5 5 0 8 8 8 8 5 9 3 6 2 5
8 8 5 3 9 5 1 4 2 4 9 5 3 2 1 4 3 1 7 1 4 3 2 3 6 2 4 2 7 2 5 4 7 1 1 4 1 5 4 6 5 4 7 7 1 4 7 9 9 8 0 1 3 3 4 5 9 1 9 3
8 2 4 8 5 5 5 7 8 5 8 6 5 7 4 8 4 4 8 6 6 8 2 8 6 3 3 5 4 2 5 1 3 1 4 8 6 7 4 9 5 9 5 7 4 7 8 1 7 8 1 0 9 3 5 6 1 3 3 8
3 6 6 6 8 2 3 1 1 1 5 9 3 7 2 5 7 4 3 4 2 1 3 7 3 4 3 8 9 2 9 1 7 5 8 4 2 1 7 1 6 3 7 9 1 5 3 2 6 8 3 9 0 2 8 8 4 7 1 9
4 6 1 4 6 4 2 8 5 9 8 2 6 8 7 8 8 3 7 3 7 7 2 7 4 4 1 3 9 8 9 6 4 5 8 4 6 2 2 1 9 8 9 6 6 3 9 2 9 8 3 3 2 0 1 9 7 3 6 3
7 4 4 6 1 1 9 5 8 4 9 6 2 1 5 5 8 8 1 8 6 3 4 1 9 8 6 1 4 6 1 7 1 8 4 2 3 8 3 2 5 9 1 2 1 3 6 4 3 5 4 5 8 1 0 5 6 2 9 4
4 4 9 1 3 9 6 7 7 6 2 3 9 3 7 7 9 9 5 5 6 9 2 9 6 4 2 5 2 7 6 4 2 4 1 7 4 5 6 2 2 1 5 3 8 8 7 8 8 9 5 6 8 9 5 0 6 5 5 5
7 1 7 7 5 1 8 2 1 6 7 3 6 6 4 4 2 9 5 1 2 8 4 2 1 3 4 8 4 9 9 1 6 3 1 8 5 6 5 1 6 1 2 5 1 8 1 3 7 3 9 1 4 7 6 6 0 1 3 8
2 5 1 5 5 9 9 3 2 6 3 7 1 7 9 5 6 4 3 8 2 3 7 6 2 8 2 2 3 9 1 2 8 4 2 2 8 3 9 3 5 2 1 9 9 1 5 8 5 6 1 3 7 3 2 5 1 0 6 7
6 9 8 2 9 5 3 7 5 3 3 5 4 5 2 5 4 7 5 6 9 2 3 9 3 3 4 4 7 8 5 5 3 7 4 6 3 4 4 4 2 7 2 4 5 5 8 2 2 2 9 3 1 6 9 5 3 6 0 6
3 1 8 8 4 8 6 6 5 5 5 2 1 5 2 9 3 7 9 3 8 9 6 9 6 5 3 1 1 1 9 3 9 4 6 8 6 9 7 1 7 4 2 1 5 4 8 1 8 5 3 8 9 3 4 5 8 7 6 0
